-2.14449e+09
-2.13634e+09
-2.13024e+09
-2.12273e+09
-2.12161e+09
-2.10678e+09
-2.1008e+09
-2.09772e+09
-2.0949e+09
-2.0949e+09
-2.09483e+09
-2.08976e+09
-2.0896e+09
-2.08106e+09
-2.07354e+09
-2.07285e+09
-2.06726e+09
-2.06582e+09
-2.06362e+09
-2.06314e+09
-2.06118e+09
-2.05658e+09
-2.05443e+09
-2.05325e+09
-2.0529e+09
-2.05197e+09
-2.05152e+09
-2.04701e+09
-2.04544e+09
-2.04279e+09
-2.0384e+09
-2.03769e+09
-2.03667e+09
-2.03247e+09
-2.03136e+09
-2.02882e+09
-2.02593e+09
-2.02054e+09
-2.00305e+09
-1.99768e+09
-1.99628e+09
-1.99363e+09
-1.99218e+09
-1.99178e+09
-1.99153e+09
-1.98788e+09
-1.9824e+09
-1.97482e+09
-1.97283e+09
-1.96932e+09
-1.96804e+09
-1.96435e+09
-1.96398e+09
-1.96212e+09
-1.96152e+09
-1.96052e+09
-1.95429e+09
-1.95318e+09
-1.95299e+09
-1.95223e+09
-1.94603e+09
-1.9445e+09
-1.9436e+09
-1.94267e+09
-1.94173e+09
-1.93843e+09
-1.93343e+09
-1.92705e+09
-1.92176e+09
-1.91591e+09
-1.9144e+09
-1.91332e+09
-1.90387e+09
-1.90296e+09
-1.8985e+09
-1.88824e+09
-1.88735e+09
-1.88559e+09
-1.88218e+09
-1.87927e+09
-1.87808e+09
-1.87744e+09
-1.87737e+09
-1.87637e+09
-1.86724e+09
-1.86265e+09
-1.85704e+09
-1.85701e+09
-1.85271e+09
-1.84593e+09
-1.84565e+09
-1.84365e+09
-1.84057e+09
-1.83748e+09
-1.837e+09
-1.83582e+09
-1.83187e+09
-1.82339e+09
-1.82072e+09
-1.80828e+09
-1.80399e+09
-1.80367e+09
-1.79712e+09
-1.78521e+09
-1.78241e+09
-1.77817e+09
-1.76984e+09
-1.76216e+09
-1.75792e+09
-1.75306e+09
-1.74065e+09
-1.72537e+09
-1.72138e+09
-1.71991e+09
-1.71925e+09
-1.71605e+09
-1.7133e+09
-1.70871e+09
-1.70531e+09
-1.70272e+09
-1.70164e+09
-1.69075e+09
-1.68807e+09
-1.68623e+09
-1.67879e+09
-1.6757e+09
-1.67533e+09
-1.67388e+09
-1.6665e+09
-1.66452e+09
-1.66263e+09
-1.65975e+09
-1.63401e+09
-1.62945e+09
-1.61988e+09
-1.61743e+09
-1.61724e+09
-1.61448e+09
-1.60997e+09
-1.60936e+09
-1.60662e+09
-1.60261e+09
-1.60226e+09
-1.59642e+09
-1.58763e+09
-1.58564e+09
-1.58561e+09
-1.58205e+09
-1.57922e+09
-1.576e+09
-1.57513e+09
-1.56784e+09
-1.56677e+09
-1.56457e+09
-1.55487e+09
-1.55061e+09
-1.54975e+09
-1.54752e+09
-1.54358e+09
-1.54327e+09
-1.53952e+09
-1.5391e+09
-1.53856e+09
-1.53113e+09
-1.53031e+09
-1.52665e+09
-1.52515e+09
-1.52058e+09
-1.51302e+09
-1.51052e+09
-1.50978e+09
-1.50609e+09
-1.50292e+09
-1.5025e+09
-1.49406e+09
-1.47928e+09
-1.47597e+09
-1.4746e+09
-1.4687e+09
-1.46755e+09
-1.46609e+09
-1.4611e+09
-1.46029e+09
-1.45714e+09
-1.45559e+09
-1.45213e+09
-1.44779e+09
-1.42684e+09
-1.41274e+09
-1.40996e+09
-1.40788e+09
-1.40684e+09
-1.40395e+09
-1.40167e+09
-1.39777e+09
-1.38541e+09
-1.37978e+09
-1.37824e+09
-1.37202e+09
-1.36483e+09
-1.36441e+09
-1.36391e+09
-1.36335e+09
-1.36113e+09
-1.35777e+09
-1.35269e+09
-1.35049e+09
-1.34355e+09
-1.33733e+09
-1.33122e+09
-1.32911e+09
-1.32498e+09
-1.32423e+09
-1.31891e+09
-1.31881e+09
-1.31733e+09
-1.31719e+09
-1.31386e+09
-1.30905e+09
-1.30388e+09
-1.30041e+09
-1.2969e+09
-1.28457e+09
-1.27412e+09
-1.27161e+09
-1.26807e+09
-1.26323e+09
-1.2596e+09
-1.25673e+09
-1.25574e+09
-1.2453e+09
-1.23599e+09
-1.22647e+09
-1.22585e+09
-1.22582e+09
-1.21844e+09
-1.21101e+09
-1.19743e+09
-1.19145e+09
-1.18904e+09
-1.18692e+09
-1.18299e+09
-1.17812e+09
-1.16364e+09
-1.15639e+09
-1.15274e+09
-1.14685e+09
-1.13884e+09
-1.13566e+09
-1.13028e+09
-1.11203e+09
-1.11082e+09
-1.1107e+09
-1.10963e+09
-1.10519e+09
-1.10446e+09
-1.10145e+09
-1.10128e+09
-1.10004e+09
-1.09257e+09
-1.07088e+09
-1.063e+09
-1.06166e+09
-1.06162e+09
-1.06107e+09
-1.05795e+09
-1.04032e+09
-1.03997e+09
-1.01554e+09
-1.01092e+09
-1.00413e+09
-1.00348e+09
-1.00142e+09
-9.93207e+08
-9.88361e+08
-9.87681e+08
-9.86845e+08
-9.85222e+08
-9.8205e+08
-9.72616e+08
-9.7165e+08
-9.70184e+08
-9.56085e+08
-9.49024e+08
-9.41451e+08
-9.31306e+08
-9.23151e+08
-9.16865e+08
-9.15812e+08
-9.10148e+08
-9.04184e+08
-9.01564e+08
-8.99142e+08
-8.98722e+08
-8.94433e+08
-8.86039e+08
-8.78729e+08
-8.77613e+08
-8.70894e+08
-8.70842e+08
-8.69925e+08
-8.69484e+08
-8.64456e+08
-8.59736e+08
-8.56197e+08
-8.55677e+08
-8.51425e+08
-8.44062e+08
-8.42286e+08
-8.37958e+08
-8.35162e+08
-8.34837e+08
-8.3441e+08
-8.3061e+08
-8.2928e+08
-8.27116e+08
-8.15837e+08
-8.12203e+08
-7.9565e+08
-7.92612e+08
-7.76013e+08
-7.60943e+08
-7.59421e+08
-7.56596e+08
-7.46785e+08
-7.36617e+08
-7.3282e+08
-7.21281e+08
-7.19226e+08
-7.15342e+08
-7.13691e+08
-7.06071e+08
-7.00224e+08
-6.78177e+08
-6.70645e+08
-6.69462e+08
-6.62472e+08
-6.6055e+08
-6.51384e+08
-6.44385e+08
-6.43374e+08
-6.43042e+08
-6.38989e+08
-6.35793e+08
-6.32595e+08
-6.32387e+08
-6.31343e+08
-6.2494e+08
-6.20341e+08
-6.15986e+08
-5.90868e+08
-5.75435e+08
-5.7332e+08
-5.68321e+08
-5.59326e+08
-5.56177e+08
-5.54269e+08
-5.53949e+08
-5.50375e+08
-5.50166e+08
-5.50138e+08
-5.48776e+08
-5.47314e+08
-5.45678e+08
-5.45114e+08
-5.30661e+08
-5.24957e+08
-5.24157e+08
-5.2397e+08
-5.17203e+08
-5.15005e+08
-5.11606e+08
-5.08175e+08
-5.02822e+08
-4.97351e+08
-4.96523e+08
-4.93817e+08
-4.93223e+08
-4.92632e+08
-4.89825e+08
-4.85837e+08
-4.81559e+08
-4.78759e+08
-4.75159e+08
-4.71811e+08
-4.7138e+08
-4.66115e+08
-4.43568e+08
-4.43384e+08
-4.40082e+08
-4.38013e+08
-4.3759e+08
-4.36582e+08
-4.26553e+08
-4.23495e+08
-4.16253e+08
-4.1135e+08
-4.07637e+08
-4.01742e+08
-4.01225e+08
-3.92808e+08
-3.90408e+08
-3.89874e+08
-3.80251e+08
-3.75349e+08
-3.70361e+08
-3.65633e+08
-3.61543e+08
-3.54432e+08
-3.52204e+08
-3.51091e+08
-3.49715e+08
-3.49599e+08
-3.43965e+08
-3.43103e+08
-3.42762e+08
-3.33053e+08
-3.31939e+08
-3.31318e+08
-3.2943e+08
-3.2708e+08
-3.2688e+08
-3.2596e+08
-3.21432e+08
-3.16323e+08
-3.08964e+08
-3.0815e+08
-2.97886e+08
-2.94378e+08
-2.9259e+08
-2.91662e+08
-2.9018e+08
-2.87662e+08
-2.84567e+08
-2.82169e+08
-2.78137e+08
-2.74331e+08
-2.72321e+08
-2.69734e+08
-2.65619e+08
-2.62326e+08
-2.61171e+08
-2.55377e+08
-2.54697e+08
-2.53298e+08
-2.45312e+08
-2.43056e+08
-2.34433e+08
-2.30498e+08
-2.10995e+08
-2.07871e+08
-2.07428e+08
-2.05356e+08
-1.86937e+08
-1.85754e+08
-1.81797e+08
-1.74368e+08
-1.70686e+08
-1.66623e+08
-1.51527e+08
-1.50125e+08
-1.47689e+08
-1.45388e+08
-1.37367e+08
-1.35531e+08
-1.34299e+08
-1.33987e+08
-1.3074e+08
-1.29696e+08
-1.2429e+08
-1.21767e+08
-1.21476e+08
-1.20318e+08
-1.18789e+08
-1.1876e+08
-1.03982e+08
-1.00708e+08
-8.27276e+07
-7.8751e+07
-7.36782e+07
-7.09085e+07
-6.96652e+07
-6.54424e+07
-6.3439e+07
-6.32721e+07
-5.25412e+07
-5.05198e+07
-5.00411e+07
-4.44719e+07
-4.17938e+07
-3.8464e+07
-3.74395e+07
-3.48947e+07
-3.133e+07
-3.11501e+07
-2.88403e+07
-2.67805e+07
-2.60794e+07
-2.20356e+07
-1.77201e+07
-1.62703e+07
-1.51528e+07
-1.25196e+07
-1.2002e+07
-1.18743e+07
-1.01575e+07
-9.59283e+06
2.6361e+06
5.06815e+06
6.57032e+06
7.66638e+06
1.09582e+07
1.16801e+07
1.57169e+07
2.23773e+07
2.33553e+07
2.72868e+07
2.91349e+07
4.08369e+07
4.21535e+07
4.31209e+07
5.09107e+07
5.57714e+07
5.66722e+07
7.12422e+07
7.36757e+07
7.41617e+07
8.25284e+07
9.88607e+07
1.04112e+08
1.07203e+08
1.12012e+08
1.15323e+08
1.23571e+08
1.28168e+08
1.33191e+08
1.4109e+08
1.4157e+08
1.43271e+08
1.48091e+08
1.51063e+08
1.63349e+08
1.63555e+08
1.66006e+08
1.68423e+08
1.68725e+08
1.74338e+08
1.77563e+08
1.8775e+08
1.96343e+08
2.07929e+08
2.13661e+08
2.13755e+08
2.1871e+08
2.19179e+08
2.24152e+08
2.24811e+08
2.25681e+08
2.2843e+08
2.34667e+08
2.36454e+08
2.38206e+08
2.46947e+08
2.49495e+08
2.5212e+08
2.56812e+08
2.60204e+08
2.61098e+08
2.61489e+08
2.68865e+08
2.69398e+08
2.79581e+08
2.85416e+08
2.87176e+08
2.92565e+08
2.96292e+08
3.13577e+08
3.14651e+08
3.20513e+08
3.27454e+08
3.28432e+08
3.28854e+08
3.29533e+08
3.329e+08
3.38109e+08
3.38255e+08
3.46461e+08
3.49058e+08
3.6379e+08
3.64285e+08
3.66269e+08
3.71117e+08
3.79383e+08
3.84629e+08
3.90064e+08
3.91274e+08
3.99776e+08
4.03564e+08
4.09449e+08
4.09991e+08
4.13226e+08
4.15112e+08
4.1715e+08
4.1938e+08
4.20946e+08
4.38135e+08
4.41833e+08
4.49e+08
4.51686e+08
4.54263e+08
4.56478e+08
4.69571e+08
4.70732e+08
4.70741e+08
4.75064e+08
4.76684e+08
4.80241e+08
4.83564e+08
4.87287e+08
4.87653e+08
5.09142e+08
5.15355e+08
5.17741e+08
5.18564e+08
5.38623e+08
5.41397e+08
5.46097e+08
5.5175e+08
5.52856e+08
5.55947e+08
5.67765e+08
5.67771e+08
5.76969e+08
5.97849e+08
5.99538e+08
6.05626e+08
6.09553e+08
6.11001e+08
6.11903e+08
6.14824e+08
6.22067e+08
6.23417e+08
6.28778e+08
6.37375e+08
6.52077e+08
6.53046e+08
6.53377e+08
6.61924e+08
6.67112e+08
6.67753e+08
6.6883e+08
6.73733e+08
6.75591e+08
6.76765e+08
6.80172e+08
6.80582e+08
6.93137e+08
7.03044e+08
7.04497e+08
7.07029e+08
7.16073e+08
7.2066e+08
7.30617e+08
7.32296e+08
7.34299e+08
7.3469e+08
7.34903e+08
7.3624e+08
7.42827e+08
7.45909e+08
7.54085e+08
7.54455e+08
7.57566e+08
7.79041e+08
7.85634e+08
7.90886e+08
7.91198e+08
7.92696e+08
8.03875e+08
8.05689e+08
8.07905e+08
8.09505e+08
8.09583e+08
8.14095e+08
8.14798e+08
8.16285e+08
8.19426e+08
8.20971e+08
8.32908e+08
8.42063e+08
8.47863e+08
8.48169e+08
8.51575e+08
8.51901e+08
8.53487e+08
8.65447e+08
8.66398e+08
8.72755e+08
8.8004e+08
8.8833e+08
8.91071e+08
8.91353e+08
8.97471e+08
9.02452e+08
9.02629e+08
9.02755e+08
9.0517e+08
9.0753e+08
9.15377e+08
9.18685e+08
9.21192e+08
9.32368e+08
9.35426e+08
9.37045e+08
9.3815e+08
9.41539e+08
9.47302e+08
9.50589e+08
9.52467e+08
9.5323e+08
9.54443e+08
9.54545e+08
9.62275e+08
9.71343e+08
9.71665e+08
9.76277e+08
9.86647e+08
9.89539e+08
9.89758e+08
9.92091e+08
1.00129e+09
1.00412e+09
1.00423e+09
1.00995e+09
1.01669e+09
1.02349e+09
1.02369e+09
1.03323e+09
1.035e+09
1.03805e+09
1.04112e+09
1.05665e+09
1.05811e+09
1.05968e+09
1.06047e+09
1.06474e+09
1.06609e+09
1.06893e+09
1.06954e+09
1.07776e+09
1.07813e+09
1.08631e+09
1.08665e+09
1.08911e+09
1.09062e+09
1.0933e+09
1.09371e+09
1.09962e+09
1.10073e+09
1.1145e+09
1.11917e+09
1.13325e+09
1.13666e+09
1.1411e+09
1.14275e+09
1.14429e+09
1.14662e+09
1.15915e+09
1.15967e+09
1.16327e+09
1.16655e+09
1.17477e+09
1.17727e+09
1.18038e+09
1.18174e+09
1.18495e+09
1.18527e+09
1.19012e+09
1.1931e+09
1.2082e+09
1.2232e+09
1.22413e+09
1.2299e+09
1.23763e+09
1.23872e+09
1.24629e+09
1.24647e+09
1.24676e+09
1.25115e+09
1.2533e+09
1.25342e+09
1.26849e+09
1.27157e+09
1.27956e+09
1.28417e+09
1.28706e+09
1.28736e+09
1.29167e+09
1.30267e+09
1.3201e+09
1.32108e+09
1.32518e+09
1.32525e+09
1.32761e+09
1.33302e+09
1.33444e+09
1.34758e+09
1.34811e+09
1.35652e+09
1.35758e+09
1.36747e+09
1.36999e+09
1.37817e+09
1.37841e+09
1.37974e+09
1.37986e+09
1.3829e+09
1.38338e+09
1.38682e+09
1.39429e+09
1.4022e+09
1.40513e+09
1.40609e+09
1.41515e+09
1.41693e+09
1.42108e+09
1.4233e+09
1.42963e+09
1.43512e+09
1.43521e+09
1.43625e+09
1.43795e+09
1.43959e+09
1.44055e+09
1.44308e+09
1.44658e+09
1.45046e+09
1.45161e+09
1.45222e+09
1.46119e+09
1.46373e+09
1.46538e+09
1.48122e+09
1.48644e+09
1.48782e+09
1.48817e+09
1.49311e+09
1.51784e+09
1.51898e+09
1.52009e+09
1.52061e+09
1.52444e+09
1.52786e+09
1.53296e+09
1.54451e+09
1.55456e+09
1.55687e+09
1.55805e+09
1.56619e+09
1.56715e+09
1.57279e+09
1.57283e+09
1.57741e+09
1.578e+09
1.58627e+09
1.58825e+09
1.58828e+09
1.59221e+09
1.59807e+09
1.59853e+09
1.59888e+09
1.60123e+09
1.60387e+09
1.60657e+09
1.60663e+09
1.60893e+09
1.61585e+09
1.61629e+09
1.62602e+09
1.62899e+09
1.63055e+09
1.63181e+09
1.63319e+09
1.63376e+09
1.63461e+09
1.64096e+09
1.64122e+09
1.64534e+09
1.65407e+09
1.6576e+09
1.66611e+09
1.66944e+09
1.673e+09
1.67635e+09
1.67745e+09
1.67811e+09
1.68515e+09
1.6859e+09
1.69112e+09
1.7027e+09
1.71547e+09
1.71549e+09
1.72127e+09
1.72478e+09
1.72648e+09
1.73528e+09
1.7383e+09
1.74459e+09
1.7468e+09
1.74699e+09
1.74911e+09
1.75124e+09
1.75302e+09
1.75548e+09
1.76291e+09
1.76329e+09
1.77055e+09
1.77326e+09
1.77384e+09
1.78717e+09
1.79708e+09
1.80739e+09
1.80813e+09
1.81442e+09
1.8208e+09
1.82284e+09
1.83065e+09
1.84373e+09
1.8479e+09
1.85274e+09
1.8557e+09
1.85643e+09
1.85727e+09
1.85982e+09
1.86185e+09
1.86284e+09
1.86637e+09
1.8692e+09
1.87225e+09
1.87358e+09
1.89298e+09
1.89617e+09
1.89719e+09
1.89738e+09
1.89804e+09
1.90228e+09
1.90362e+09
1.90582e+09
1.91039e+09
1.9173e+09
1.9206e+09
1.92318e+09
1.92467e+09
1.93288e+09
1.9372e+09
1.9469e+09
1.94948e+09
1.95048e+09
1.95309e+09
1.95443e+09
1.95572e+09
1.95965e+09
1.9673e+09
1.97003e+09
1.97104e+09
1.97955e+09
1.98228e+09
1.9837e+09
1.98483e+09
1.98603e+09
1.99144e+09
1.99688e+09
2.00222e+09
2.00259e+09
2.00433e+09
2.0075e+09
2.0101e+09
2.01838e+09
2.01922e+09
2.0222e+09
2.0225e+09
2.02466e+09
2.02807e+09
2.02815e+09
2.02905e+09
2.03203e+09
2.03443e+09
2.03565e+09
2.03857e+09
2.04024e+09
2.04398e+09
2.0458e+09
2.04726e+09
2.0505e+09
2.05106e+09
2.0561e+09
2.05706e+09
2.06034e+09
2.06254e+09
2.06618e+09
2.07404e+09
2.07905e+09
2.08171e+09
2.08212e+09
2.08381e+09
2.08385e+09
2.08545e+09
2.08932e+09
2.09085e+09
2.09223e+09
2.09531e+09
2.09816e+09
2.09831e+09
2.09847e+09
2.10485e+09
2.11424e+09
2.11867e+09
2.12015e+09
2.12261e+09
2.12789e+09
2.12873e+09
2.13128e+09
2.14478e+09
2.1453e+09
