-1191393024.0
-1112859008.0
1720575872.0
1004480768.0
-1807649920.0
-193524592.0
961807488.0
-1778419456.0
2068078848.0
1010780032.0
-1291443968.0
821292160.0
-567163648.0
-1119619072.0
1616763264.0
1506489984.0
1801357312.0
314806272.0
249650752.0
-677868544.0
33084514.0
883838272.0
669197120.0
1539916416.0
-458410464.0
-624144896.0
-2073116032.0
-1402288384.0
132428696.0
-883243264.0
1187843200.0
908281664.0
-1191393024.0
-1112859008.0
1720575872.0
1004480768.0
-1807649920.0
-193524592.0
961807488.0
-1778419456.0
2068078848.0
1010780032.0
-1291443968.0
821292160.0
-567163648.0
-1119619072.0
1616763264.0
1506489984.0
1801357312.0
314806272.0
249650752.0
-677868544.0
33084514.0
883838272.0
669197120.0
1539916416.0
-458410464.0
-624144896.0
-2073116032.0
-1402288384.0
132428696.0
-883243264.0
1187843200.0
908281664.0
