1.92678e+09
-1.19207e+09
-1.85857e+09
-1.67225e+09
-3.73555e+08
-6.58079e+08
1.8553e+09
-1.08499e+09
-3.6064e+08
2.2282e+08
3.49615e+08
6.06411e+08
1.13409e+09
-1.92341e+09
3.1373e+08
8.78198e+08
-3.27271e+08
-1.37863e+09
-5.99691e+08
-2.14735e+09
-1.47216e+09
-2.78569e+08
-6.07471e+08
-1.09266e+09
1.93194e+09
-1.84647e+09
2.02766e+09
1.31766e+09
1.89532e+09
1.30934e+09
3.91563e+08
1.84248e+08
-3.36111e+08
8.40132e+08
7.16847e+08
-1.60969e+09
-1.57616e+09
1.65779e+09
7.16366e+08
-1.03894e+09
5.30128e+08
-8.82334e+08
-2.02485e+09
4.36364e+08
-8.35204e+08
-1.12896e+09
5.64466e+07
-8.85267e+08
1.14238e+09
1.18621e+09
-1.85754e+09
-1.17277e+09
-1.52862e+09
-3.00176e+08
1.63381e+07
-3.8056e+08
-1.06536e+09
1.03753e+09
-9.61484e+08
3.12483e+08
-2.92307e+08
1.15848e+09
-1.2884e+09
8.05468e+08
5.84676e+08
1.54293e+09
-1.11931e+09
-6.02393e+08
8.15757e+08
-1.11467e+09
-1.44746e+09
-2.62361e+07
2.38e+08
-1.19587e+09
1.61031e+09
8.6265e+08
-1.58693e+09
1.21009e+09
6.46089e+08
7.94527e+08
-9.79714e+08
1.71787e+09
4.54329e+08
-1.56835e+09
1.60936e+09
-4.36848e+08
-1.59015e+09
2.70364e+08
4.2799e+08
-2.43914e+08
5.79169e+08
1.95194e+09
1.706e+09
1.43995e+09
-1.1065e+09
3.45544e+08
-1.10613e+09
-1.97773e+09
-1.50856e+09
-1.29435e+09
-1.13334e+09
4.68278e+08
1.73457e+09
-6.15887e+08
-1.07751e+09
1.41992e+09
1.83706e+09
-1.27323e+09
-1.14172e+09
-1.92283e+09
-7.95744e+08
-1.34506e+09
2.02222e+09
-3.09694e+08
-1.60315e+09
1.9239e+09
1.01337e+09
-6.08828e+07
-1.41765e+07
-1.36502e+09
-1.75696e+09
1.70187e+08
2.55672e+08
5.33047e+08
1.89062e+09
1.99455e+09
-1.87381e+09
1.89142e+09
1.60028e+09
1.63933e+09
1.31034e+09
1.37454e+09
-8.82455e+08
-6.95998e+08
8.99367e+08
-8.68314e+08
-2.21538e+07
-1.12824e+09
-2.06805e+09
-1.5859e+09
4.00412e+08
1.93209e+09
-3.85588e+08
-7.23937e+08
5.93047e+08
1.68067e+08
1.33311e+09
1.28981e+09
-1.88578e+09
-1.92132e+09
-2.00351e+09
-8.33794e+08
1.26286e+09
-8.20188e+08
-6.87479e+08
-1.21493e+09
-1.77374e+09
1.94649e+09
7.96039e+08
-2.65496e+08
-8.48232e+08
1.75514e+09
-1.22559e+09
1.3174e+09
-8.50625e+08
-6.91916e+08
-1.37757e+09
2.26575e+07
-2.41176e+08
-2.50821e+08
-4.23708e+08
-8.57449e+08
-2.11148e+09
1.8815e+09
4.94982e+08
1.25298e+09
5.79792e+08
1.43378e+09
-3.79332e+08
4.43403e+07
-1.61668e+09
1.98655e+09
1.19184e+09
-1.16019e+09
1.33703e+09
-2.12105e+09
-1.09174e+09
-2.86597e+08
-9.77067e+08
5.25964e+07
-1.6724e+08
9.16686e+08
1.35351e+09
-5.19474e+08
1.11823e+09
-1.22107e+08
-1.7537e+09
-9.04026e+08
1.73987e+09
1.88042e+09
-1.95173e+09
-2.27626e+08
6.15936e+08
1.03951e+09
-1.56242e+09
5.45035e+08
-1.74467e+09
8.08523e+08
1.48537e+09
-1.09178e+09
-1.72516e+09
1.29021e+09
-1.94696e+09
7.11632e+08
1.43015e+09
1.97159e+09
-2.05932e+09
-2.11051e+09
3.54081e+08
-1.92983e+09
2.49892e+08
1.46061e+09
-1.75618e+09
5.01562e+08
1.22975e+09
-1.61872e+08
-9.93823e+08
1.70153e+09
-1.95905e+09
2.09011e+09
-1.54817e+09
-1.8027e+09
-1.27615e+09
1.16914e+09
4.48016e+07
-2.04807e+09
-1.39373e+09
1.14489e+09
1.62417e+08
-2.11394e+09
-1.34657e+09
2.5033e+08
9.04006e+08
1.88818e+09
-5.17928e+08
-1.10286e+09
-5.9429e+08
-2.31694e+08
1.70676e+09
-1.28703e+09
-1.25154e+09
7.1322e+08
-7.35236e+08
-1.633e+09
4.86756e+07
1.65798e+09
2.25499e+08
-1.01323e+09
-2.48023e+08
7.33514e+08
-1.16777e+09
9.73627e+08
1.40849e+09
-1.93208e+09
-9.45174e+08
-7.73105e+08
-5.74442e+08
-1.8916e+09
1.97183e+09
-1.66972e+09
-1.85459e+08
-2.14311e+09
-2.07392e+09
1.93179e+09
2.08274e+09
-1.65656e+09
1.55963e+09
-7.12734e+08
-1.20618e+09
-1.03089e+09
9.54844e+08
-1.25908e+09
-2.08232e+08
2.02652e+09
8.16495e+08
2.65998e+08
2.44877e+08
-4.56238e+08
4.67243e+08
4.77681e+08
-1.05575e+09
-4.93303e+08
-3.08677e+08
-8.71924e+08
1.47998e+09
-8.45937e+08
-5.25746e+08
1.90199e+09
1.92078e+09
2.45825e+08
-3.16702e+08
1.6534e+09
-6.76794e+08
-2.0404e+08
-1.42253e+09
2.19748e+08
1.88989e+09
-2.78668e+08
1.31432e+08
-1.88702e+09
-1.06759e+09
-2.08003e+08
1.38759e+09
1.83817e+09
6.11764e+08
-1.51074e+09
-1.1206e+09
7.51242e+08
-2.09519e+09
-2.13933e+08
1.97056e+08
6.94063e+08
6.2341e+08
-1.37342e+09
-2.60024e+08
-3.98443e+08
-1.66065e+09
1.56954e+09
5.12315e+07
-1.45147e+09
1.37823e+09
-1.66692e+09
-4.57722e+08
4.4386e+08
-1.61528e+09
4.10491e+08
-1.09714e+09
1.68945e+09
-6.57193e+08
9.0682e+08
1.81616e+09
-1.71546e+09
-1.42974e+08
-1.19679e+09
-1.96682e+09
1.87761e+09
-5.36117e+08
1.93269e+09
-1.8108e+09
1.64407e+08
1.95347e+08
4.79921e+08
-1.54554e+09
2.01757e+09
-1.80857e+09
1.10239e+09
-1.57854e+09
1.57498e+08
-9.99589e+07
-1.63025e+08
-5.53061e+08
1.08653e+09
1.62449e+08
5.00278e+08
-9.9789e+07
-9.92691e+08
-8.36564e+08
2.12176e+09
1.68515e+09
-2.0178e+09
-2.46755e+08
-4.60102e+08
1.60096e+09
6.58312e+08
4.65453e+07
-4.6472e+08
-1.54593e+09
2.07843e+09
-5.92743e+08
-2.04235e+09
-7.25278e+08
-4.57606e+08
1.01298e+08
-5.88684e+08
-5.48925e+07
-2.12066e+09
-1.43784e+09
1.19139e+09
1.51969e+09
-1.17497e+09
9.44784e+08
4.25276e+08
1.1914e+08
8.58682e+08
-9.59288e+08
-1.91755e+09
1.68012e+09
4.65135e+07
1.69781e+09
7.81266e+08
7.11342e+08
2.7722e+08
9.43535e+08
1.36066e+09
1.33172e+09
-1.41692e+09
1.55492e+09
7.69303e+08
-1.89446e+09
-8.29106e+08
9.15713e+08
7.59463e+08
6.61874e+08
-1.47541e+09
-1.61448e+09
9.1813e+08
1.62192e+09
1.70491e+09
-8.39041e+08
-1.53006e+09
-1.95824e+08
1.39502e+09
1.63212e+09
-1.85427e+09
6.41861e+08
1.80374e+09
-1.12365e+09
-7.88138e+08
-1.8773e+09
2.03261e+09
1.43741e+09
1.95992e+09
1.45406e+09
-1.68885e+09
4.6819e+08
1.11614e+09
-2.0277e+08
2.10631e+06
1.47968e+09
2.13235e+09
-1.79839e+09
-1.48121e+09
-1.40086e+09
-1.86509e+09
-1.09202e+09
-1.47185e+08
-9.57935e+08
3.1377e+08
-8.17493e+08
1.71609e+08
2.00377e+09
-5.08066e+08
1.05197e+07
1.72877e+09
1.27707e+09
-8.86131e+08
1.96685e+09
-1.11797e+09
-1.31844e+09
-7.32575e+07
1.67803e+09
-1.49649e+09
8.8996e+08
1.61891e+09
7.06905e+08
1.89485e+09
-6.98113e+08
-1.79683e+09
-4.30936e+08
1.02016e+09
-1.18212e+09
1.32002e+09
1.01901e+09
1.34202e+09
-8.64099e+08
1.73009e+09
-8.5913e+08
7.54004e+08
7.68839e+08
1.20143e+09
-1.70405e+09
1.02063e+08
-3.00007e+08
-1.76986e+09
-1.16408e+09
-7.9611e+07
-1.67914e+09
-1.67588e+09
2.96571e+08
1.57714e+09
1.49409e+09
5.36383e+08
-1.48174e+09
8.77406e+07
1.60295e+09
-1.78208e+09
1.86543e+09
1.06035e+09
9.94801e+08
1.31278e+09
1.25773e+09
8.90152e+08
3.37958e+08
-3.10689e+08
-1.68511e+09
-6.11418e+08
8.29282e+08
5.70698e+07
4.11828e+08
-4.80114e+08
-1.91952e+09
1.83461e+09
1.15336e+09
-1.43259e+09
-1.93211e+09
-6.89092e+07
-8.91506e+08
-4.11122e+07
1.01174e+09
-4.39898e+08
-2.08601e+09
-6.74534e+08
-2.32994e+08
-9.85336e+08
7.95128e+08
-1.07753e+09
7.45244e+08
-1.01411e+09
1.96155e+09
1.20275e+09
-2.97717e+08
-1.9521e+09
-1.67646e+09
1.51359e+09
-1.08324e+09
-1.78174e+09
-1.53208e+09
-2.07582e+09
-1.13752e+09
-1.26348e+09
1.0647e+09
1.29334e+09
1.40356e+08
9.97458e+08
-4.17071e+08
-4.64285e+08
-2.03457e+09
-1.22712e+09
4.0325e+08
-3.7214e+08
1.35998e+09
1.80957e+09
-7.66971e+08
3.98008e+08
1.45348e+09
-1.35774e+09
-1.87206e+09
1.9204e+09
-1.77698e+08
-1.90618e+09
1.02665e+09
-1.73918e+09
-9.99983e+08
-4.27809e+08
-3.49239e+08
1.74483e+09
1.84076e+09
-1.8092e+09
-2.10493e+09
-5.58442e+08
2.09992e+09
-1.68679e+09
-1.54118e+09
-2.12743e+09
2.04382e+09
-1.70837e+09
1.08274e+09
9.76793e+08
8.1649e+08
-8.82627e+08
5.9168e+08
-1.91783e+09
1.67739e+09
-1.0954e+09
1.15374e+09
8.85045e+08
-5.95991e+08
-9.13379e+08
-7.40963e+08
-5.82961e+08
-1.94399e+09
1.13176e+09
-2.08948e+09
-2.09871e+09
-7.79407e+08
4.85807e+07
-1.04785e+09
-1.26138e+09
-1.90805e+09
-1.06613e+09
-1.09533e+09
-1.24561e+09
-2.52108e+08
7.04213e+08
-1.04333e+09
1.80707e+09
1.57721e+09
-1.39874e+09
-2.12731e+09
-1.86476e+09
-1.73503e+09
1.08503e+09
-1.56358e+08
2.6249e+08
-7.9631e+08
1.01646e+09
-1.79797e+09
3.31669e+08
7.46543e+08
8.98228e+08
-1.00529e+09
-1.87737e+09
8.6503e+08
3.99719e+08
-1.90539e+09
-5.89139e+08
-1.03755e+09
4.98175e+08
2.44396e+08
-1.93353e+09
-5.97811e+08
1.38422e+09
1.9601e+09
1.37955e+09
1.71666e+09
-1.6451e+09
-1.59547e+09
-1.1282e+09
-1.36553e+09
-8.66477e+08
9.62544e+08
-1.2991e+09
-5.55077e+08
8.27545e+08
5.72676e+08
-4.26952e+08
9.16197e+08
-8.68221e+08
-1.79928e+09
1.27524e+09
4.99638e+08
-1.46573e+09
-1.95396e+08
2.06023e+09
1.69267e+09
-9.27915e+08
6.52254e+08
2.02649e+09
1.52161e+09
-1.83953e+09
-4.95429e+07
-1.04765e+09
-1.6887e+09
-5.96072e+08
-2.14673e+09
1.96963e+08
1.98484e+09
1.62409e+09
-1.25794e+09
-2.0282e+09
1.17435e+09
-3.99993e+08
-6.83886e+08
1.07315e+09
-1.86775e+09
-1.55721e+09
-1.24674e+09
1.00002e+09
7.33722e+08
2.02936e+09
1.17797e+09
-1.01477e+09
1.4958e+09
9.4319e+08
-1.40165e+09
-2.13964e+08
3.82179e+08
2.06835e+09
-5.51214e+07
-2.11064e+09
-1.88041e+09
-2.26267e+08
-1.13943e+09
1.66633e+09
5.4092e+08
1.40863e+09
-1.15428e+09
2.09117e+09
-1.04175e+09
8.75632e+07
-7.76995e+07
1.20331e+09
6.91496e+08
1.04272e+09
-2.47483e+08
5.04915e+08
9.50725e+07
-5.04105e+08
-8.79283e+08
6.30236e+08
-5.99827e+08
-9.21093e+08
-8.66846e+08
-4.19587e+07
9.05793e+08
-5.76335e+08
1.22103e+09
-1.32705e+08
-2.45006e+08
1.561e+09
2.70392e+08
1.23701e+09
-1.93563e+09
9.20444e+08
-1.50529e+09
1.30726e+08
-9.4734e+08
-4.84517e+08
4.25684e+08
-2.09182e+09
1.44883e+09
1.24768e+09
-1.60467e+09
-1.85807e+09
-1.0032e+09
-2.12818e+09
-1.04251e+09
-1.51255e+09
-8.50999e+08
-5.49624e+07
1.18251e+09
6.86428e+08
2.13624e+09
-1.50978e+09
2.84928e+08
1.97067e+09
1.92964e+09
3.54002e+07
-1.9125e+09
-8.12205e+07
-2.33759e+08
-4.63791e+08
5.72628e+08
7.51485e+08
1.6468e+09
1.11228e+09
-5.51083e+08
-1.21973e+09
1.42774e+09
1.19165e+08
1.44037e+09
-4.43118e+08
-1.55222e+09
-1.88965e+09
8.32314e+08
6.76078e+08
1.29185e+09
-7.24131e+08
-1.17024e+09
1.04586e+09
-2.02718e+08
-1.47764e+09
-9.33095e+08
-1.03896e+09
-9.26776e+08
-7.96249e+07
1.95694e+09
2.17241e+08
-2.71605e+08
-8.23574e+07
-1.79638e+09
7.86704e+08
-4.49087e+08
7.186e+08
1.19798e+09
6.03686e+08
-1.31525e+09
-9.45573e+08
8.92195e+08
-1.66871e+09
1.60176e+09
-1.91534e+09
2.89725e+08
2.43128e+07
-2.109e+09
-2.46471e+08
2.03014e+09
8.44389e+08
2.13343e+08
-1.33593e+09
1.29695e+09
-1.41899e+09
-2.2261e+08
4.21089e+08
1.74063e+09
-1.11807e+09
-1.48006e+09
1.31826e+09
1.07108e+09
3.33564e+08
7.49243e+08
-1.20029e+09
1.99093e+07
-1.58339e+09
1.60987e+09
-2.66552e+08
1.21992e+09
-1.51088e+09
-7.61089e+08
6.90817e+08
-7.275e+08
-1.02152e+07
-1.15035e+09
1.18732e+09
6.91411e+08
2.87735e+08
-3.86622e+08
-1.8777e+09
6.01739e+08
1.1046e+09
-1.73154e+09
6.67181e+07
2.31215e+08
-1.73834e+09
8.48927e+08
-1.56328e+09
-1.00206e+09
-1.26612e+09
9.86484e+08
-1.89743e+07
-7.02762e+08
1.07043e+08
-2.10316e+09
4.34556e+08
8.81308e+07
-1.40107e+09
-2.08419e+09
-1.92013e+09
1.28504e+08
1.35699e+07
9.25658e+08
-1.90173e+09
-1.22196e+09
-1.17143e+09
-4.20707e+08
1.95538e+08
4.20342e+08
-1.34214e+09
1.15562e+09
-7.16824e+08
1.62237e+09
1.33041e+09
-1.96752e+08
-1.02806e+09
1.79341e+09
-4.18234e+08
1.17852e+09
-2.06616e+09
-1.62181e+09
1.90334e+09
-2.00778e+09
-5.45103e+08
-1.89963e+09
2.53746e+08
-7.44628e+08
1.40801e+09
-1.64804e+09
-7.47027e+08
-3.3207e+08
-6.198e+08
-8.01132e+08
-1.85009e+09
-1.81229e+09
-2.35543e+08
1.72218e+09
-4.04675e+08
6.03651e+08
1.33889e+09
1.71853e+09
1.9007e+09
8.90002e+08
1.05141e+09
7.92159e+08
-1.4793e+09
1.03139e+08
2.77833e+08
5.71328e+08
3.94306e+08
3.1412e+08
6.28852e+08
9.76347e+08
-3.78937e+08
-9.95057e+07
4.17285e+08
1.12166e+09
-1.01353e+09
1.61205e+09
6.04537e+08
1.79053e+09
-8.13638e+08
9.82085e+08
-7.71727e+08
1.83312e+09
8.35466e+08
1.46257e+09
-1.61223e+09
-1.41116e+09
-8.6772e+08
-3.63647e+08
1.28021e+09
2.11385e+09
-1.09571e+09
1.62291e+08
-1.81081e+09
-1.27855e+09
-4.37529e+08
-4.20858e+07
1.59596e+09
-1.99635e+08
3.77251e+08
2.15909e+08
1.53261e+08
6.46474e+08
1.58024e+09
-1.79487e+09
4.40138e+08
-1.98267e+09
1.52681e+09
-1.11753e+09
6.70282e+08
6.06494e+07
2.07067e+09
-1.46013e+09
-1.40203e+09
1.84381e+09
1.80579e+09
1.57027e+09
-1.87464e+09
-2.07261e+09
1.29653e+09
8.37819e+08
-1.94618e+09
1.87493e+09
4.65231e+08
2.97307e+08
-4.16096e+08
-2.09104e+09
1.23594e+09
-1.48074e+08
-2.14266e+09
1.55883e+09
2.37473e+08
6.32519e+08
-2.79277e+08
-2.08137e+09
9.93457e+08
-5.40291e+08
4.31581e+07
6.32149e+08
-1.51076e+09
-6.09824e+08
1.50008e+09
-1.6538e+09
6.84901e+08
1.06133e+09
1.92608e+08
1.58888e+09
-1.881e+09
-1.86252e+09
-7.45046e+07
1.43189e+09
1.44197e+09
-1.37125e+09
1.57296e+09
-2.05089e+09
8.17478e+08
2.7595e+08
-7.58432e+08
1.29837e+09
2.07266e+09
1.74478e+09
1.72403e+09
5.18883e+08
1.48211e+09
3.12809e+08
2.08354e+09
1.15872e+09
2.06982e+09
6.33215e+08
-1.84252e+09
-1.72391e+09
5.26494e+08
-2.01549e+09
1.1037e+09
6.57655e+08
2.03928e+09
1.9819e+08
1.83098e+09
1.28796e+09
9.43246e+08
2.04438e+09
-2.09028e+09
-1.28684e+09
1.10398e+09
-6.65295e+08
-1.73259e+09
-9.02194e+08
1.81328e+09
1.88961e+09
6.84698e+08
1.26974e+09
-1.18406e+09
1.23791e+09
4.98991e+08
-1.07912e+09
-3.89308e+08
1.77459e+09
1.5562e+09
6.74886e+08
-1.74744e+09
-9.82098e+08
-6.20339e+08
7.61038e+08
1.86748e+09
-1.16785e+09
5.53114e+08
6.06016e+08
-7.87095e+08
1.06781e+09
-1.27938e+09
2.69314e+08
1.62398e+09
5.79621e+08
8.50119e+07
-1.76866e+09
-2.78662e+08
-1.39581e+09
2.11272e+09
1.55512e+09
1.92724e+08
1.11442e+09
-6.54638e+08
1.1986e+09
1.31451e+09
-6.61558e+08
1.20108e+09
-1.76861e+09
-7.94237e+07
-1.91019e+09
-1.35708e+09
-1.05503e+09
1.95432e+09
3.02008e+08
7.9867e+08
-1.41127e+08
1.98208e+08
-1.93607e+09
1.12704e+09
3.78965e+08
8.56369e+08
2.04566e+09
-1.90297e+09
-1.75083e+09
-1.21522e+08
5.36114e+08
-1.79683e+09
-1.03475e+09
-2.27888e+08
-2.13303e+09
1.50884e+09
-1.80762e+09
5.80924e+07
-2.26309e+08
-1.55778e+09
-9.92865e+08
-2.4804e+08
1.85883e+09
1.44694e+08
2.10273e+09
-1.53215e+09
-6.61893e+07
-2.09874e+09
-1.60599e+09
1.94414e+09
1.34765e+09
9.67387e+08
-1.67949e+09
1.58701e+09
6.69163e+08
-2.22808e+08
1.69434e+09
3.46281e+08
9.67891e+08
-6.82435e+08
8.72135e+08
-1.78738e+09
1.16755e+09
8.4779e+08
7.48472e+08
1.5206e+09
-1.61445e+09
7.58255e+08
-1.39954e+09
1.67106e+09
-1.4316e+09
-4.1346e+08
2.08024e+09
-4.33069e+08
-4.46898e+08
-8.29433e+08
9.75103e+08
-8.86458e+08
-9.85596e+08
-1.79884e+09
1.24407e+09
-9.86195e+08
2.0501e+09
-1.15396e+09
4.22129e+08
-4.32845e+08
-2.03741e+09
-1.9835e+09
-1.10759e+09
-2.69788e+08
2.08097e+09
3.58808e+08
1.34675e+09
-4.65992e+08
-2.42185e+08
-1.5046e+09
7.92773e+08
-1.74763e+09
1.59543e+09
-1.25713e+09
-2.03235e+09
2.62827e+08
-1.2782e+09
1.14481e+09
-1.79819e+09
1.50285e+09
1.18186e+09
1.08131e+08
1.03979e+09
-7.91673e+08
1.36859e+09
2.01641e+09
1.3362e+09
-8.7234e+08
7.48908e+07
1.15714e+09
-2.3272e+08
-4.87389e+08
-8.5731e+08
1.68971e+09
1.10513e+09
1.51436e+09
-1.98826e+09
-1.84108e+09
-3.69123e+08
-4.78098e+08
1.72424e+09
-1.51446e+09
-1.6995e+09
-3.25845e+08
-1.7976e+09
-7.34947e+08
-1.11743e+09
-1.23147e+09
1.95626e+09
3.24472e+08
5.59768e+08
-7.01918e+08
1.88641e+09
-1.38243e+09
8.54701e+08
1.8902e+09
-1.58425e+09
5.32693e+07
-1.24305e+09
4.25334e+08
-1.69298e+09
2.10869e+09
-1.39969e+09
1.05199e+09
-3.28315e+07
8.7489e+07
-2.49886e+08
-2.02793e+09
-1.23452e+08
-1.08357e+08
1.91865e+09
1.26092e+08
-8.58504e+08
1.27136e+09
1.70701e+09
-4.62469e+08
1.0398e+09
-7.70074e+08
5.71256e+08
-1.70054e+09
1.27935e+09
5.19579e+08
6.86244e+08
3.40796e+08
-1.14941e+09
1.40831e+09
1.56665e+09
-1.02604e+09
-1.48869e+08
8.71834e+07
-1.0452e+09
1.69737e+08
9.52142e+07
-8.14164e+08
1.54372e+09
-2.69375e+08
1.43383e+09
-2.10885e+09
1.10989e+09
-8.0153e+08
1.50205e+09
9.99193e+08
5.16391e+07
-1.96567e+09
1.01506e+09
7.89836e+08
-1.4242e+09
1.29982e+09
-2.01015e+09
-1.9467e+09
8.89681e+08
-1.47126e+09
-1.31092e+09
-5.13453e+08
-1.23472e+09
1.34674e+08
-1.53164e+09
-4.0901e+08
-1.11529e+09
6.18225e+08
9.4118e+08
-5.15934e+08
1.59027e+09
3.50161e+08
1.97044e+09
-9.9422e+08
-8.55513e+08
5.49498e+08
1.82342e+09
-1.55897e+09
2.17551e+08
3.632e+08
1.12813e+09
-5.05251e+08
1.7777e+09
-5.88636e+08
8.61665e+07
2.08502e+09
-1.79149e+09
-9.39639e+07
-1.89064e+09
-1.76656e+09
1.12748e+09
-9.03819e+08
-1.47478e+09
-3.87628e+08
2.11898e+09
1.39442e+09
-7.71598e+08
3.98548e+08
-5.73918e+08
-2.46969e+08
-1.0488e+09
-1.30155e+09
1.70842e+09
-3.22476e+08
2.97943e+07
-7.11207e+08
-4.43113e+08
1.14213e+09
-7.42983e+08
2.57555e+08
1.39942e+09
7.96241e+08
3.8717e+08
-2.01606e+09
1.15373e+07
-9.77284e+08
3.30723e+08
-4.91429e+08
-9.19361e+08
-6.71308e+08
3.87816e+08
1.38359e+09
-1.86407e+09
6.88748e+08
-5.35918e+08
-1.88291e+09
2.07097e+09
1.56569e+09
2.07661e+09
1.84405e+08
7.53148e+08
1.74042e+09
2.08054e+09
8.71793e+08
-3.01336e+08
2.04214e+09
-1.25542e+09
4.49504e+08
1.6567e+09
-1.02602e+09
-1.82494e+09
-1.741e+09
-4.3742e+08
-2.05179e+09
-1.7327e+09
-1.45011e+09
-1.81756e+09
1.04228e+09
-9.4274e+08
1.7211e+08
-1.34919e+09
-7.92896e+08
1.23279e+09
1.44593e+09
4.98355e+08
-2.66117e+08
1.57475e+09
-1.96297e+09
1.75082e+09
3.90241e+08
-2.00844e+09
-4.98715e+08
-6.84888e+08
7.61297e+08
-2.11115e+09
-2.12755e+09
-3.79568e+08
-2.09004e+09
4.57997e+08
3.62438e+08
1.94766e+09
8.75388e+08
-8.20743e+07
1.82807e+09
8.86434e+08
-4.58387e+08
9.34318e+08
-4.27115e+07
-1.86823e+09
-1.52349e+09
1.14647e+09
-1.38639e+09
2.0173e+09
-2.07825e+09
9.9317e+07
5.31227e+08
-1.61765e+09
6.61862e+08
-9.59102e+08
1.05793e+09
-2.00319e+09
-1.87623e+09
-6.95388e+08
2.14487e+09
-8.61379e+08
-6.25519e+08
-1.54438e+09
-1.22234e+09
1.55999e+09
-5.65779e+07
-1.42175e+09
1.20582e+09
2.10506e+09
1.00351e+09
-1.29256e+09
1.33321e+08
-1.81873e+08
1.32177e+09
-2.0847e+09
-1.30532e+08
1.46051e+09
-4.19889e+08
9.58704e+08
2.0609e+09
-1.97857e+09
-1.44535e+09
-2.42781e+08
-1.65598e+09
-1.15856e+09
1.03768e+09
1.32066e+09
-1.38763e+09
-2.03745e+09
-4.10091e+08
-1.95741e+09
-1.61465e+09
-5.22915e+08
1.08305e+09
1.52842e+09
1.26657e+09
-1.17806e+08
-6.78218e+08
-4.44484e+08
-4.62735e+08
1.5404e+09
-1.15419e+09
1.71771e+09
-1.88654e+09
-1.0721e+09
8.61011e+08
-1.66769e+09
3.11145e+07
-3.99925e+08
-1.4826e+09
9.40126e+08
5.92009e+08
-5.24661e+08
-1.9629e+09
-7.30035e+08
1.57704e+09
1.67387e+09
1.16312e+09
8.07612e+08
-1.6303e+09
4.56175e+08
-1.15324e+09
-6.41244e+08
1.98964e+09
-1.05056e+08
2.12816e+09
-1.84243e+09
1.19037e+09
-1.93334e+07
-1.21521e+09
1.68479e+08
-1.85982e+08
-1.31447e+09
1.94101e+09
1.05665e+09
-7.74994e+08
2.13004e+09
-2.12559e+08
1.45806e+09
-1.00233e+09
3.66586e+08
4.87262e+07
8.54139e+08
8.10654e+08
-2.13093e+09
-1.77369e+08
1.97727e+09
9.66605e+08
-1.29089e+09
1.95013e+09
1.84736e+09
1.89842e+09
-1.32106e+09
-1.91807e+09
1.64939e+09
8.13901e+08
1.47429e+09
-1.3248e+08
1.39439e+09
3.62829e+08
-7.64649e+08
9.36603e+08
-7.74122e+08
7.4033e+08
-1.14979e+09
1.33844e+09
-8.88577e+08
1.22224e+09
-4.35563e+08
-1.62333e+09
-1.04525e+09
1.21638e+09
4.64483e+08
-5.49133e+08
3.63739e+08
5.41332e+08
-1.05398e+09
-2.25851e+06
6.12367e+08
5.14536e+08
-3.3464e+08
1.99321e+06
-1.6563e+09
2.033e+09
2.18854e+08
2.80494e+08
-4.72058e+07
1.09452e+09
8.89018e+08
1.07424e+09
5.28872e+08
8.4789e+08
1.01169e+09
-1.17683e+09
3.44713e+08
-8.47697e+08
-7.36091e+08
1.59411e+09
-7.71389e+08
-4.39621e+08
1.63294e+08
-1.61197e+09
-1.98875e+09
1.31584e+09
1.732e+07
1.0835e+09
1.96536e+09
-5.31966e+08
1.5617e+09
1.97365e+09
-7.70364e+08
-1.77738e+08
-7.68409e+08
1.70971e+09
4.44515e+08
-1.87793e+09
1.36033e+09
-8.76793e+07
-4.71967e+08
-1.37339e+09
-7.04823e+08
6.49102e+08
1.44976e+09
1.13691e+08
7.63597e+08
1.55998e+09
1.82523e+09
-1.00824e+09
2.92707e+07
-1.40991e+09
-1.88469e+09
-1.63857e+09
-1.9968e+09
5.8144e+08
6.19432e+08
-1.35459e+09
-9.2455e+08
-5.48311e+08
1.63254e+09
1.30884e+09
2.1467e+09
-8.17977e+08
-9.52309e+08
-1.33159e+09
-5.22928e+08
-3.45475e+08
1.63949e+09
9.9603e+07
3.47503e+08
1.68149e+09
-1.82543e+09
-1.03182e+09
1.18205e+09
1.01768e+09
4.64887e+08
1.39565e+09
1.66159e+08
1.27337e+08
6.62017e+08
-1.46196e+09
1.15181e+09
9.76065e+08
3.44223e+08
-4.55523e+08
9.83216e+08
1.91642e+09
-2.71007e+08
4.11733e+08
6.63278e+08
1.44309e+09
-8.55479e+08
-1.64299e+09
-3.02837e+08
7.03175e+08
-4.44427e+07
-2.00638e+09
-3.35335e+08
8.47596e+08
2.09374e+09
1.05052e+09
1.92954e+09
-1.73101e+09
-1.8974e+09
1.2348e+09
1.3679e+09
-1.92732e+09
1.22951e+08
-9.05476e+08
6.59479e+08
-1.70139e+09
1.40376e+09
-7.85516e+08
1.59293e+09
1.82946e+09
-1.67533e+09
2.11082e+09
-1.94399e+09
4.7346e+08
-1.5475e+09
1.43756e+09
-1.34408e+09
-1.1258e+09
1.80647e+09
-1.97017e+09
5.68521e+08
-1.66153e+09
-1.75492e+09
-2.86235e+08
3.26002e+08
-5.71822e+07
-1.4151e+09
-6.88814e+08
-7.01178e+08
-2.49446e+08
5.87274e+08
2.12151e+09
-7.9148e+08
-2.97278e+08
-1.41288e+08
1.1459e+09
-1.54251e+09
7.67035e+08
-1.50978e+09
1.68681e+09
-1.08266e+09
-3.12056e+08
1.21946e+09
6.52509e+08
-2.2326e+08
-9.93355e+08
1.02246e+08
-9.7244e+08
3.50346e+08
-2.05993e+09
1.77709e+09
1.49957e+08
1.54271e+09
-1.14268e+09
9.43396e+08
-1.67353e+09
-2.0314e+09
9.06302e+08
1.85664e+09
2.10345e+09
4.37169e+08
1.01594e+09
9.69082e+08
-8.55718e+08
-1.41207e+09
-1.95723e+09
4.32568e+08
5.19591e+08
9.39192e+07
7.92755e+07
8.79433e+08
-1.28299e+09
-1.66509e+09
5.57807e+08
-8.43271e+08
9.63848e+08
4.78663e+08
9.8296e+08
-1.40368e+09
-8.14216e+08
-1.54951e+09
-7.4612e+08
-8.8468e+08
-1.37515e+09
1.27976e+09
-1.75069e+09
-4.41872e+08
-2.0694e+09
3.11045e+08
1.83375e+09
-1.26005e+09
1.0014e+09
-5.91964e+08
1.08389e+08
-1.87939e+09
1.0653e+09
-8.96274e+08
-1.59215e+08
-3.04286e+08
-8.42359e+08
-8.15486e+08
2.83013e+08
-1.92407e+09
-1.18795e+09
1.62217e+09
-3.64929e+08
1.53666e+09
1.50302e+09
1.71888e+08
-1.58042e+09
-1.81554e+09
-2.27355e+07
-1.24416e+09
-9.23494e+08
-9.35e+08
-9.14987e+08
-1.05695e+09
1.8722e+09
-2.07042e+09
1.80909e+09
1.682e+09
1.14167e+09
-1.22174e+09
-1.48166e+09
-9.16013e+08
1.52217e+09
-2.12259e+09
9.80622e+08
8.48627e+08
-1.16997e+09
1.27262e+09
-8.24396e+07
3.27458e+08
1.94558e+09
4.02689e+08
-9.68119e+08
-9.66971e+08
-5.16852e+08
1.50845e+09
-4.17773e+08
-1.83012e+09
1.46781e+09
-1.98815e+09
-1.02176e+09
6.06724e+07
-8.03658e+07
1.7562e+09
6.7666e+08
8.49218e+08
-1.87777e+09
1.36253e+09
-1.48752e+08
1.8373e+09
2.00264e+09
1.71817e+09
1.38262e+09
-8.3001e+08
-1.26682e+09
7.93173e+08
-3.26652e+07
1.28697e+09
2.51835e+07
2.24204e+08
-1.10402e+09
-8.02149e+08
-1.876e+09
-8.52109e+07
-6.22654e+08
9.59617e+08
-1.76507e+09
-1.65923e+09
-9.48035e+08
6.87185e+08
-1.39849e+09
-1.86013e+09
-1.56098e+09
1.90435e+09
-1.50877e+08
-8.85539e+08
-1.34351e+09
-1.95084e+09
-1.41629e+09
1.54627e+09
-1.33214e+08
1.91209e+09
2.01022e+09
-1.07576e+09
-1.30127e+09
9.98267e+08
-1.44911e+09
-1.19132e+09
1.17246e+09
-9.19147e+08
-1.57468e+09
1.63259e+09
1.74776e+09
6.59538e+08
-1.60543e+09
-1.87834e+09
-1.29573e+09
1.20442e+09
-1.49102e+09
1.49011e+09
-1.95597e+09
1.77243e+09
-9.5848e+08
-7.56075e+08
2.35491e+08
-1.87034e+09
-7.11408e+08
7.86967e+08
-1.49158e+09
1.71572e+09
-6.70506e+08
-1.22064e+09
2.05173e+09
-1.63832e+09
-1.60913e+09
9.39048e+08
-1.64491e+09
1.48821e+09
-1.09055e+09
2.37554e+08
1.53982e+09
-1.40988e+09
1.27818e+09
-9.08821e+08
1.38115e+09
-4.21895e+08
1.71149e+09
-1.10153e+08
2.14181e+09
1.48607e+09
-2.05866e+09
-5.14968e+08
1.63324e+09
-1.86318e+09
-1.87682e+09
-2.05509e+08
-1.69795e+09
1.32224e+08
-3.16027e+08
5.89702e+07
1.8289e+09
-1.62011e+09
1.29887e+09
-2.08373e+09
-7.20224e+07
-3.3296e+08
-1.1772e+09
1.90091e+09
-1.43048e+09
-5.97735e+08
-1.91395e+08
2.00073e+09
-4.7678e+08
-1.81092e+09
2.31731e+08
1.27149e+09
-1.10806e+09
1.89359e+09
8.3159e+08
8.90138e+08
-2.11419e+09
8.25724e+08
1.3198e+09
-3.53548e+07
1.23517e+08
-8.88548e+08
5.67111e+08
8.11221e+08
1.57076e+09
8.40924e+08
4.10726e+08
-6.30625e+08
1.888e+09
6.49605e+08
-1.07825e+09
-4.67386e+08
-7.5878e+08
9.89071e+08
1.88497e+09
-9.31078e+08
-2.34387e+08
8.62536e+08
-1.35593e+09
-1.68898e+09
-2.00339e+09
-1.10499e+09
1.52113e+09
1.40906e+09
-5.56451e+08
-1.51694e+09
-2.80395e+08
-1.60639e+09
-3.87657e+08
-4.61576e+08
-5.20665e+08
7.42836e+08
1.07306e+09
-2.03022e+09
-1.55558e+09
-1.63025e+09
-1.85037e+09
-1.39401e+09
-1.23852e+08
1.45031e+09
-1.67701e+09
9.13378e+07
2.05194e+09
4.17983e+08
-1.49043e+09
4.75864e+08
-1.9651e+09
-6.93432e+08
-2.12184e+09
-1.93232e+09
7.05831e+08
-1.85772e+09
1.92154e+09
1.58987e+09
-4.25587e+08
-1.89358e+09
1.90507e+09
1.14608e+09
1.65709e+09
-1.09386e+09
1.32569e+09
-1.48848e+09
4.46888e+08
-7.0669e+08
9.3161e+08
1.44503e+09
-1.62083e+09
-1.51972e+09
-8.9744e+08
1.50025e+09
-3.49864e+08
-2.0775e+09
2.1223e+09
8.631e+08
-1.48019e+09
-2.08761e+08
-1.03469e+09
-1.66397e+09
1.31522e+09
-3.54551e+08
1.6693e+09
1.97164e+09
1.66766e+09
-1.53797e+09
1.77854e+09
-5.30763e+08
-6.34754e+08
4.82055e+08
-1.47816e+09
-2.02472e+09
-9.59546e+08
1.94424e+09
-6.11323e+07
-2.04821e+09
-6.49437e+07
9.11053e+08
2.03552e+09
1.16167e+09
-1.32752e+09
-1.93386e+09
2.05432e+09
1.10988e+07
1.88386e+09
-5.94936e+08
-1.01445e+09
-1.17264e+09
-1.49982e+09
-1.17873e+09
1.8961e+09
1.12867e+09
2.07187e+09
-8.42456e+08
1.05239e+09
-5.5647e+08
-4.41184e+08
-1.77094e+09
2.12053e+09
-1.04131e+09
5.90788e+08
-1.39282e+09
1.95383e+09
6.50991e+08
6.87655e+08
-349632
-1.27161e+09
-1.30101e+09
1.85675e+09
-2.10338e+09
-1.78633e+09
2.09305e+08
7.569e+08
-1.38686e+09
1.26385e+09
-2.5189e+08
1.61388e+09
1.11809e+08
-1.92312e+09
9.58844e+08
6.26759e+08
-1.0403e+09
-2.03603e+08
9.72685e+06
6.87543e+08
9.39228e+07
-1.52014e+09
9.39735e+08
1.79976e+09
1.46618e+09
-4.09826e+08
-1.7035e+09
-1.27304e+09
5.42866e+08
1.6737e+09
-5.61542e+08
1.91045e+08
-9.76142e+08
1.12521e+09
2.09112e+07
-3.00582e+08
7.78305e+08
-1.67146e+09
1.29274e+09
4.16594e+08
1.1294e+09
-4.88673e+06
7.46643e+08
-6.61208e+08
-1.19461e+09
1.86721e+08
-2.86702e+07
1.53491e+09
-1.14562e+09
1.5511e+09
9.37776e+08
1.06861e+09
-3.34142e+07
1.84094e+09
1.88357e+09
5.69537e+08
-1.52878e+09
1.92013e+09
