-35.972996
81.411621
-9649060.000000
239145200.000000
-13.034063
-53.067230
1285.607056
4235873.000000
290869312.000000
1799.042236
-371968608.000000
-913645696.000000
285.846283
-7007596.500000
-189212.312500
30704266.000000
255788.375000
-9647.862305
4645759.000000
122927336.000000
-324.703613
2535.708252
-103.677330
-10195.824219
-231.681580
-203925.109375
46.706821
-1669172608.000000
-35015.152344
-1120.684448
4397782.500000
-18752.205078
-15.226648
11857.875000
-30053886.000000
81.050896
-60.451511
2920077.250000
-9852.237305
-19569.357422
46113304.000000
-87775.062500
-15.669388
-26719074.000000
-94165336.000000
902091264.000000
800825920.000000
-566068288.000000
-4443.802246
-4823.815918
1724010.125000
-58237804.000000
-165767.156250
596066880.000000
248.879623
76.357956
-300.582581
842.746765
2014477.250000
-1781.263184
-193019.968750
-2482.818604
14582.360352
118386664.000000
1774177664.000000
-6504266.500000
1043.489868
220618.953125
-22170.123047
211487344.000000
11864.818359
32.104500
-179032576.000000
-285741504.000000
29153.847656
-1062318912.000000
-619.356995
-48400444.000000
-1494.081665
292344.406250
-94476.531250
65193372.000000
-258842.015625
-2830.735352
4065.453613
-49.594170
-49558.632812
-1020854848.000000
463914048.000000
1292.886353
218.586792
-57.303749
1015.787109
36.319283
-10.386374
-4560.577148
22565.867188
-6570.514648
-333111.687500
-3861.510742
86742376.000000
-143483696.000000
-6677.105469
225437.437500
19800.003906
15506435.000000
89.419121
277.517242
-519964704.000000
-21278.867188
14176976.000000
132946960.000000
1119.023560
-352233.000000
28262.328125
54290.800781
-206642.281250
340011552.000000
-18089.546875
1760797056.000000
18355770.000000
218975504.000000
457542752.000000
11818.249023
33724944.000000
313878.625000
257720528.000000
-7179697.500000
-6955349.000000
88.836540
-30473.148438
-126271.601562
1814702208.000000
82.655991
3373550.750000
12158.539062
11487877.000000
11.392608
1963.703613
32791.398438
-321567008.000000
-815268672.000000
-46.653870
-84.815727
16.938000
-354.958344
5729502.000000
196864528.000000
17.689003
193266.156250
-24810.119141
24815378.000000
9150.004883
205052.750000
-15.821774
-41.799244
-306618144.000000
-992.715332
-12.320136
-83938624.000000
-39.090435
-5597.077637
62620056.000000
19745652.000000
-1203838.625000
161086.625000
4285772.500000
2999.378662
-459567840.000000
-482951392.000000
-69172.546875
19.307379
143716608.000000
-945253760.000000
-5535302.000000
-242225008.000000
-1029940608.000000
277.438263
181912464.000000
-3964.483398
-518000192.000000
23761.125000
-447809.468750
-13634298.000000
360.226868
-17814.660156
209569360.000000
-1733120.625000
200136.984375
4004263.000000
133.049942
684.203796
-1205522.125000
3842.466309
32157960.000000
-753.960327
-113286.679688
-1105.949829
216511.765625
-192337872.000000
-32750.484375
277206592.000000
-35.106380
-24.508587
165582512.000000
-105500.101562
78778184.000000
-230142.609375
13310.620117
1260786.500000
100304.960938
4215.437012
-13490.373047
-145.468094
-920068.312500
-12972.216797
-99052608.000000
-426889984.000000
-164090896.000000
-9116.298828
-96.813301
-1093685.375000
674624960.000000
27123724.000000
-1910608768.000000
-1893.932983
-2841686.000000
-718.971802
46540968.000000
354.878662
182.240128
-1393878400.000000
-23683.677734
98382.070312
-13.600195
-745.267761
159.654236
485186656.000000
19859.039062
-2996.022705
-60332.390625
1769180544.000000
455.623260
256161216.000000
34700.812500
-59275.179688
5871636.500000
-416844.187500
2653.578125
6175.331543
-86.947495
11098397.000000
-805.152893
-1200508032.000000
20066.333984
-57.618694
-2715.788086
-1240261.000000
-27.178085
-153338.734375
1806.365967
116738816.000000
85491.898438
-4686.772949
202928.234375
-1735.612427
13409.084961
148.020981
17.328569
3102746.500000
7614154.500000
11.496968
27.014345
12978807.000000
13817.738281
-114275.664062
25.520239
42240372.000000
-17331640.000000
54240.601562
-424.403748
-9544.830078
251152.390625
-1279.844482
-218654.421875
-18185322.000000
16.601217
1035.077393
2391148.750000
907.068359
-211717.234375
-193690.000000
552564096.000000
29.324507
-112559864.000000
-795.858459
-43923.421875
42093.281250
-370577024.000000
1179.174438
280802048.000000
-6439.103027
72.519890
48968.609375
-61149.460938
-546522112.000000
-642394880.000000
18433.087891
2682.839111
-53.741734
3853.196777
3124.395996
-411861568.000000
-42.046665
-24164162.000000
-3698468.750000
3597.407715
-156623.687500
54055.277344
79324.335938
-162910.671875
9572.246094
-2378.468506
-14330626.000000
-166.644226
-1118807040.000000
-3896.555908
-10.672370
-16326145.000000
-123572.296875
13507873.000000
-657034.312500
-6927.038086
-36952.781250
-435308.750000
-1147744.750000
17446.447266
54.217686
-7293.777832
467.183380
-195366608.000000
36509.335938
-18.918739
12735727.000000
9700493.000000
-2182.341553
2725.203613
671568000.000000
-1096728.125000
-209.703949
-4668439.500000
374591.937500
24384.890625
-21653.976562
859689.312500
-84368.906250
-184.709549
38.582981
787102.562500
-5188.955566
-994577.937500
-1584577536.000000
4091741.250000
-65.775955
-257.717468
40333.285156
-8381833.500000
23243.335938
-5608703.500000
209742992.000000
123646968.000000
-123.060417
419741.125000
918338112.000000
-17947186.000000
355096.625000
-981.568176
-21.173336
28105830.000000
131028.351562
45.073273
14.811811
125.604095
145.625366
-4323.916504
18.704981
47.196575
2178599.500000
-94411152.000000
117402.585938
-1661.870605
-63454.515625
-498276032.000000
130.728287
43670.937500
3195912.500000
1283271936.000000
-846.776733
-1566466816.000000
-3572143.250000
56687984.000000
84823832.000000
-1363.116211
-33610408.000000
-429.390167
-666134208.000000
931.838013
-634.086121
-14483483.000000
3340.354980
-130419400.000000
1037942464.000000
166.575027
-7332.468262
-226958848.000000
-3182.959473
-16340950.000000
-41047644.000000
-18636.726562
823344.500000
-2528.944336
1015316.750000
-12527.119141
-117324.742188
-74871664.000000
-967.737488
1084118784.000000
15.194745
-7227.909180
-1982737.000000
-1701391.875000
-778888.437500
481125184.000000
-217.283112
-136.931793
-543026.000000
764.688660
-2307.628662
-41523.781250
1155636.875000
-325627.375000
-64862.656250
2255297.500000
-76.932594
178685.281250
-10691.871094
20621.402344
-11567.113281
942542.000000
3234.596191
-290152928.000000
183211.828125
-356.772827
-2717900.250000
39.662933
1253.963501
53.971848
39.303356
-62469084.000000
-352.894379
-47665792.000000
82438960.000000
14.578993
-134.128281
-27398764.000000
253.646057
372074.656250
99837472.000000
4608853.000000
391.047485
134316384.000000
-30613834.000000
407288992.000000
-9529248.000000
11.711595
635.134460
19336.365234
-50112.039062
500.752472
922062.375000
4205.222656
-156713.796875
-325350.281250
-2172.241699
17.684635
153291.000000
-7326.995117
10670.212891
393433.625000
5878224.000000
63775696.000000
-267566448.000000
-1075379200.000000
403708448.000000
40077028.000000
11393.399414
64926752.000000
-3724424.000000
3802.552979
27564.871094
19641.365234
-1832793.875000
-6672625.500000
2928.906982
-76104.789062
-13972255.000000
-551707648.000000
3329.141602
-631933824.000000
-1813384.250000
-57609.253906
5228.977539
-25832.931641
895.888428
248134128.000000
9608.069336
35078.878906
-86678408.000000
-2047061632.000000
1559413.250000
9985.212891
-27153.074219
1700049152.000000
310.247711
124758488.000000
40.841736
-47.297825
655762816.000000
-7544183.000000
-6511.257324
169.026794
577869.000000
-384840768.000000
3757.471924
96142264.000000
-2047.730957
849070.500000
-31.904615
-909796.500000
-102203480.000000
367411.218750
-231687.156250
240194464.000000
4284531.500000
-1849.406372
-42859.000000
1089597.500000
-198698.093750
1172906.625000
490150.562500
-31130.687500
-29389.568359
97.523460
-117998000.000000
5051.952148
4512054.000000
-96.228508
400.385284
-889975.562500
259003.671875
55421580.000000
391818464.000000
20239.986328
-29792.978516
153406992.000000
-10.654735
-220.634048
-13.797857
14.360807
-414017952.000000
-289205.687500
749580.187500
1247.712036
270059.937500
1785.158569
-15405780.000000
10718266.000000
15832.095703
106246.187500
34981.937500
1277.445435
496.167023
7586705.500000
84.697090
159242.984375
-3687462.000000
-1371980800.000000
-1794905.625000
45142024.000000
-112244.453125
32.515240
-323538784.000000
77093960.000000
-1136988.750000
379482656.000000
5118.130371
26108210.000000
261264384.000000
22.111908
2546990.250000
266538.000000
-87.344810
145.708862
31761148.000000
-2007.221436
12802.882812
11628.512695
-25054982.000000
-36.746368
-586.936768
193993472.000000
-1582813312.000000
-5771388.000000
118612736.000000
157188464.000000
530.507507
-12.360066
205118.937500
-77.296165
-754.339844
2413.464844
-488810.000000
19590066.000000
-31927.517578
1329994752.000000
35.206860
-1557.229370
68.533028
1260.804077
190.891174
47678516.000000
-85921.781250
-3920318.000000
16.966045
-1929117.500000
213.417557
-5776907.000000
21953.041016
21.909086
-531477216.000000
-168168800.000000
5058079.000000
773445.562500
-72838.117188
37471488.000000
115767016.000000
-1475.239258
56271652.000000
-3355.454590
824.620850
-11529.236328
-2221.572510
-144.577576
2985.854980
1997.626099
-114878344.000000
14.828406
6796239.000000
-185922608.000000
-161.321045
49383448.000000
65694.664062
2978446.250000
401374.218750
40.607002
254056.421875
45.871284
667412.875000
-705803648.000000
42738852.000000
167178304.000000
176864.968750
2704.607666
-4546371.000000
1088687360.000000
1424.099731
226.728867
2770.773438
-42917096.000000
606030.625000
97.404503
-8212.839844
-513460.500000
33.759415
840120.437500
-706.252380
-2342.457764
344921184.000000
683.476440
112409920.000000
-86484.117188
-3796331.500000
219.611389
-4514.563477
16.137951
-13551238.000000
47.220573
3270622.000000
552747.125000
509.246460
-5360.444824
-10388.445312
-35167.265625
3275089.750000
-253.257446
-3697.911377
3534.798828
-586275456.000000
32498380.000000
59081604.000000
56846572.000000
-59868.324219
48793.585938
-10835.969727
-446.855194
-856304.312500
-358102720.000000
1441.494385
353597.156250
-358.888397
27593.113281
-175.634521
-243802752.000000
-8347.124023
126.326874
-34.020596
-9568.735352
-198.177261
-352600.687500
-69.705658
-241859.046875
-17.206364
3406.628418
-38026212.000000
257115504.000000
27.185976
683566080.000000
416369.343750
-666.151489
3564669.500000
7622036.500000
-401.630798
-33196222.000000
10247.592773
12.857851
-1120292.500000
6831.863281
48355.246094
-597.676636
-610900992.000000
-31867336.000000
-32892.644531
862271.062500
-445.150635
-28268.503906
-28.527348
661878.562500
191038784.000000
1565.799072
393314496.000000
-7664645.500000
5573703.500000
-75.173454
-85109136.000000
40.614021
113.465782
-15153274.000000
-55.914165
395098.281250
-156602672.000000
217.023163
-912.292114
-21555.166016
160130.703125
-18877752.000000
495656320.000000
1865579.250000
14.857625
1145638144.000000
-158208.218750
49228116.000000
706084.875000
6279232.000000
394.634155
-50655612.000000
545777.937500
-201781072.000000
58.982273
-11.482267
-481467.968750
-1678745088.000000
19390040.000000
758499.812500
91809048.000000
-16884.207031
-7458.189453
-785363.750000
-1071.909790
203221.921875
-17403.576172
-6667.816406
-27804.406250
4909.469238
-30.724485
-15.787719
-298788864.000000
-267.611755
15480.198242
688.330017
268.841003
-132821.671875
-1189.794922
-408087360.000000
-626866.625000
71.640572
918357632.000000
-290.625702
-4017.045410
387452.031250
-69236952.000000
48818900.000000
750871.437500
33113.503906
-3524850.750000
-6395.249023
-2084537.125000
-1254105.375000
-1116.037109
1578.996826
562757504.000000
-25414832.000000
-44068856.000000
18.859814
633.132874
-16035174.000000
7592.270020
7584.883789
589555.875000
-176490432.000000
-16742051.000000
19.509405
349412352.000000
262199008.000000
484984896.000000
15314040.000000
162742.671875
1989488768.000000
-13.579476
-1062731264.000000
-48149.601562
-2392850.000000
10657481.000000
19371.179688
1738217.500000
2576858.250000
24.811182
286.050598
-555675.062500
-4034.223633
-900.129272
319434.281250
-78.788322
218516944.000000
-210421.531250
-7340.661621
-11588.250977
-773.149231
-4259.376465
176975472.000000
-30331.765625
2393884.250000
-109849144.000000
36258476.000000
-57150.468750
414.147552
33.758640
-1742799104.000000
-13198734.000000
15.130691
-656333.187500
-1252611712.000000
66896.617188
261860.656250
148507.093750
-136029.968750
-100.635101
40479576.000000
13.610407
-104503976.000000
-226571696.000000
-1131141.375000
-237283088.000000
295136288.000000
1561583872.000000
-664.464783
34754564.000000
17775.488281
951135.000000
16017.031250
82381.312500
-66.081223
-13803177.000000
-17900.068359
13229597.000000
63858636.000000
380473920.000000
584748480.000000
15492850.000000
63753784.000000
-5398.669434
109552.796875
3427.399414
-175593968.000000
-1919776.875000
2406762.000000
-20.226107
79397.335938
3079.434326
-312.722198
-926.222778
-1002.907227
7546211.500000
1628092.500000
-11.996886
-72.179008
23955.537109
-127.980888
1934839680.000000
-93.808014
-49358.605469
-23132.212891
90727.570312
19.867832
-248133856.000000
40617232.000000
-1788.062134
2331.136230
597364992.000000
18774.746094
2106702.500000
1150554.750000
293069.093750
6059.629883
252718.218750
-92879976.000000
13425516.000000
-500660480.000000
473220.281250
-1269.190674
-223634256.000000
1554.619873
-3086.637451
-7247.047363
-29913658.000000
5483788.500000
-205.841080
32297.589844
-45.330410
490.595062
-4215669.500000
-18454.384766
-898026.625000
396.485229
-7953.842773
-247091840.000000
-2094696.750000
-145180864.000000
2880.713623
-21.720650
-1140.542236
19.772356
359.730865
-15396.440430
231581456.000000
968.075195
21171.929688
898224128.000000
-461557.531250
12684581.000000
-1099003.375000
1875065.750000
-39873.628906
-1152.296265
-12470041.000000
212.666351
123878.570312
-203256256.000000
-473.748932
1414928.375000
-11326.481445
2334561.500000
74.211517
158893.812500
230055072.000000
368856.250000
91476864.000000
18633374.000000
203876.531250
23457.283203
1583838.625000
-28.286165
7466991.000000
76345.609375
-1141076.250000
-2370.755859
215390.625000
1177.153076
3975.625732
49.989338
-119809936.000000
-120.585983
-629505408.000000
71.714256
-125817688.000000
3055888.000000
-325.770966
340908192.000000
-2071292800.000000
-31.770016
96284.851562
-2251081.250000
1147.970703
-68102.812500
11510080.000000
-5654.848633
150642432.000000
256044160.000000
-17.031675
6593.520508
2058135040.000000
-143.805527
904.225342
29.068563
-98.863068
-1581.309204
87779.140625
-235062656.000000
3536.287109
31547.988281
-2550711.750000
8408156.000000
150.049286
756592.437500
17.896238
510904928.000000
-154060.562500
-4452921.500000
-89.786636
-210685.750000
1344.638550
-1441336.875000
6212876.000000
-10485.327148
39.703568
7977100.500000
1656464.000000
-484.518555
-44538.007812
664300032.000000
8458031.000000
-64712.410156
997539200.000000
683685.125000
1681681.625000
2830.559082
5128.812988
-10384207.000000
98.498505
-1118382.000000
1027111296.000000
-3604.881348
-352.538116
-19669116.000000
49.146317
-500.163574
-14368.041016
29.489950
21701.769531
-2456.947998
-1439358464.000000
-17498.550781
4110804.750000
102261.468750
-207312240.000000
15414127.000000
1978.182129
-67095448.000000
11494.154297
4636.568359
-2391.135498
-29.098379
-589316032.000000
629372352.000000
281.796112
-9509347.000000
3914.427734
-17474228.000000
-23005.728516
149.495346
-860566656.000000
-1672.591553
-1955200.750000
-18.132078
2760271.500000
39360172.000000
1076483.375000
-101.936737
-23.303722
-1846429440.000000
-13412.365234
103145.773438
-12.394655
17218040.000000
13951402.000000
749.893372
-1178.528809
58129452.000000
-170.636398
140482.218750
-215.188812
-147447.281250
-410564768.000000
50.477551
449725.687500
8865184.000000
-156880704.000000
-77584.484375
-56757.597656
-11844586.000000
-88985.554688
429.831116
1796.158691
3817.794434
-141798816.000000
6188.579590
836.912720
1397378.500000
-12474482.000000
-649.704041
39486.179688
16.551802
-893462.937500
12579172.000000
-39142020.000000
74727584.000000
-142.784103
1511492864.000000
-420495.000000
-55730468.000000
-15091.526367
13806398.000000
-382441.531250
-193360.906250
-1070894656.000000
-47291156.000000
23408492.000000
2267.862549
1197046.000000
42.423660
1013354.125000
-554.932190
-26.611780
18.207539
209106304.000000
-39.152271
380.442688
-127527688.000000
117413520.000000
110670.703125
182.117416
-38967.140625
18434.728516
515.548645
251.560822
-50027052.000000
-71165208.000000
-746045.562500
-57907.242188
-2493.469482
-163.472153
-31735154.000000
-239413616.000000
616814.250000
-2441964.750000
27.628382
-594289984.000000
189920.140625
795.251404
-2780.695801
1858066.875000
-12771207.000000
24392.587891
10.502862
-41626424.000000
524668736.000000
-4339147.000000
-190839.718750
1934181376.000000
8244565.500000
-947312.250000
-6524.636230
-155.868042
2048360.125000
216168288.000000
-2580626.000000
-195732544.000000
2924.531006
76075.484375
471772.312500
31899838.000000
-1066773696.000000
-464.421051
-1261819.500000
-31712.437500
10937.453125
-297002.937500
-565128.250000
455724416.000000
-47.064598
-97332056.000000
-81752328.000000
539350.062500
6283.546387
-484802.718750
2263.808350
35.397636
-609.960449
12.880466
71633376.000000
-2348.668945
-17.009115
1158568.625000
1158.361206
-1048754.750000
-92999.648438
28162.140625
-911.225708
460.361725
96.471764
282820384.000000
-1003.753296
500.836578
-3006.459717
43217728.000000
-23789.150391
540.541565
1063669.500000
-2864183.250000
86840.476562
-124138064.000000
-10514.415039
281.570343
549259.250000
-13317122.000000
-1547524.375000
8968839.000000
76.389198
-5028.421875
1567923.625000
-24.450779
-1337386368.000000
-59939.296875
1586535680.000000
-2074294.375000
-1261.404297
-59010.035156
85036584.000000
-337255.062500
1419.714355
33353.125000
-49965.238281
-46.587307
12460584.000000
-30.579954
-7041.005859
-484573.406250
2627.959717
26.747906
467007616.000000
331684448.000000
-13.193863
-253542272.000000
806525632.000000
-21.909792
-3325.971680
-290.413452
-108.063873
-26.610416
2698.019043
-6007.801758
-813420864.000000
42.217663
-63492952.000000
1916477.125000
59767556.000000
-118780632.000000
-17300032.000000
12224.528320
-18767.150391
16984234.000000
-1273587968.000000
142780.031250
183891.546875
-27.828581
183679312.000000
5032.998047
473687.750000
-284418016.000000
-238.098923
3256.912354
228937.265625
-448.154541
265544.500000
-99078696.000000
-611284.375000
176564784.000000
-25317.101562
92848.812500
-32.272640
298.773254
-61033.542969
31153.279297
-58092972.000000
78.099342
9057.029297
-49588388.000000
-371346.375000
-790939776.000000
12942149.000000
790477.000000
-189816.203125
-56103.851562
79.941383
69775040.000000
586916.125000
-375311.937500
385.970856
23800.412109
1034.832275
-1175141.750000
-176334.609375
-26605496.000000
1426107.000000
-26227032.000000
-681068352.000000
177102128.000000
-1242802688.000000
-211.042786
961.409241
208389.203125
1469228544.000000
738018.562500
24003400.000000
-13.676088
677178368.000000
908761.500000
554893568.000000
597786112.000000
-34064228.000000
-514175296.000000
611.678772
-1033052096.000000
-325437.593750
95442216.000000
10.487480
5816348.500000
410744704.000000
-47.182350
-83205.273438
-6090298.500000
-1272.966919
1953029248.000000
-461.959839
5789803.500000
-110.935699
2520.669434
-61.171135
-8985264.000000
-179877.703125
2593251.750000
43361224.000000
19153630.000000
-29.840370
-18959124.000000
12894.070312
397513.531250
-186226.671875
450013088.000000
-11.763180
20242014.000000
-334.678925
2814.580811
1597157.625000
1977381.375000
-33379.144531
148733760.000000
2036419.000000
960671552.000000
-2308882.000000
-53354.300781
-9033238.000000
185.332748
-610453760.000000
-3617646.500000
-86129752.000000
421940.625000
2737.874756
-3829.673828
4435237.000000
2867.772217
-170795536.000000
-374.049652
12930.994141
714.568298
173419216.000000
-14.601057
-2072.266846
-2342270.000000
1665754240.000000
519833.187500
3039454.000000
27.458822
9512.945312
339043.750000
45384996.000000
14.323361
10.956215
626183232.000000
14323811.000000
-236544.703125
1893746048.000000
-23.018789
-1809.546631
909321280.000000
254417.546875
-692.634583
49921612.000000
11.774552
-714.726013
-691614.750000
-28442342.000000
-1207811456.000000
631378944.000000
2287.279541
-44416124.000000
-143946.390625
-205439.406250
-21334.033203
717420608.000000
783012.500000
12178.990234
-299.667633
6969911.500000
444647.937500
-45.202164
338538208.000000
304768.156250
-4940.683594
74.174339
4877717.000000
-36.616863
-154941952.000000
39117484.000000
1876886144.000000
-6669.389648
2199.217041
-1464900.875000
17.287395
47.576851
-2733347.750000
-20042.574219
-24659.105469
827740480.000000
-5815107.500000
-583978.875000
-1688.101685
-1820270.250000
24820378.000000
-165231.234375
70.259842
89530408.000000
449490.156250
-15606.146484
1627070592.000000
581701.187500
230650.968750
42350.019531
203.097321
-16622.738281
4436.884277
-1107.428345
304.889252
-3258.556396
3569.266846
-48.261253
-7456967.000000
34.422840
11618.318359
-16912960.000000
-76890.039062
-491721280.000000
-1285062912.000000
-1055904256.000000
-10682.399414
78.424194
9889.375977
615.761169
-394759.656250
-612656896.000000
24.482239
450837.468750
1952267008.000000
156141.796875
7079.440918
-23.568243
-608045.062500
19859.097656
105.089226
-1046.301880
137.553360
254075264.000000
-90481.039062
1293312.625000
32509.281250
38.852306
-282.241394
13773204.000000
737.833557
-1507.828003
-321.408325
-1378831616.000000
-197853024.000000
-236.116318
-21496.105469
-139.580887
-203.108704
65.233009
18603716.000000
-30.596399
-4041.953857
-11.712759
183.351547
-445.126801
359.518799
821.188782
4672.905762
-890651776.000000
-6484.662109
1913.130371
-698.662476
-1563933.500000
961310.875000
-3988.990234
-18773444.000000
-117699624.000000
-297013.062500
122.353920
71856.476562
1626601216.000000
-144810.593750
878736128.000000
2966592.750000
-6033.750977
555.793762
-1364496.625000
643.691956
29631.570312
-17124.597656
25050826.000000
-2073194.000000
-1573182.875000
-9592.657227
-1280040.750000
-9831520.000000
-48288224.000000
-170.739227
-1889100672.000000
-5567843.000000
-284799.718750
310463.000000
-5472660.000000
-1107576832.000000
-269685664.000000
-53067.500000
-2300332.500000
1062302.375000
7071405.500000
229350.125000
-897992.875000
1072071.250000
500361984.000000
21361.539062
57017.468750
-64969676.000000
933922.000000
-19851.552734
17987.812500
2267.847900
-974647.750000
-815034880.000000
36.466732
-31160.886719
101986.984375
-203591.640625
-1388840064.000000
639234.312500
-1218604928.000000
-644869440.000000
-249.349091
90197.437500
-30.309799
30.479471
-17974078.000000
41481764.000000
44030508.000000
2262542.750000
-1754.139526
1222.349487
16617.832031
306448320.000000
-20.454927
20892390.000000
-20511922.000000
23004872.000000
2190194.000000
96.770981
-82447080.000000
26242454.000000
-3098.834717
-31671.457031
-14.949851
-14699.349609
-37.985538
-74256.523438
-260.534149
-737.836487
-37718.660156
2089698688.000000
-3772646.500000
144.187836
-2598817.750000
355083.093750
841.524475
52.778831
107.759766
4239367.000000
578656.562500
-7777.223145
-1036535296.000000
-14705617.000000
-3434717.750000
-218630.750000
-285516.781250
-660280000.000000
-225827.343750
101.378654
1017451.125000
-90907536.000000
14028653.000000
-539536064.000000
-161742432.000000
1492444.875000
-302.480530
-196766.531250
-247230.343750
-12814.625977
-434738.687500
-27943.146484
36.243122
-18609504.000000
-12469.864258
1777.714844
-159.501617
48134.679688
-28.829874
-466717152.000000
-18.393570
604523008.000000
-2312741.750000
-391587104.000000
789509632.000000
-808423424.000000
-2888.179443
-42324948.000000
680309.312500
629.043518
328081408.000000
-263.938995
-331188.125000
-7127.375977
33493572.000000
4134732.750000
2139432.500000
1203871.625000
773183.187500
-266.115967
4302088.000000
22916434.000000
-2540401.750000
19746224.000000
1223.015625
-123.954445
2021.090942
-44.890945
167.843475
116.558929
-17.450817
-936.165527
-844963.375000
-6818328.000000
2431038.500000
-247.823166
-1270858880.000000
-1577947520.000000
-285.294189
-3976.063965
-29517.167969
1774772.250000
41552244.000000
-113856.242188
-99469.070312
4442.082031
17092.583984
3774.252686
14.880467
2659324.250000
-487.231781
182007.875000
1419066.875000
-36.185902
-542727.750000
153292.718750
-139196320.000000
-50.563457
-354.151978
41258.441406
-62824584.000000
661.603577
36346.031250
61393476.000000
-106471912.000000
-70.291267
11235.150391
-957.829346
-173771216.000000
83782.460938
5763374.000000
812.834167
86.871490
-81894.242188
-243558.125000
-13212550.000000
310352.375000
224450.015625
114212.460938
-126596960.000000
-3159.168457
82489864.000000
48101496.000000
-3322.116211
-403.222809
36.636532
1613218.875000
624593728.000000
-72178.367188
363.911926
-2166661.750000
98.531723
1955.841797
185056064.000000
-188485.187500
-11013.933594
-1400741632.000000
-122027.109375
-2954246.750000
-1582800.625000
-29746274.000000
-4266560.000000
379272.531250
-881557.500000
-1742054.125000
-224470112.000000
1280273.250000
-1734690.625000
-4868.446777
60804148.000000
1493241216.000000
-25258368.000000
10.105212
-370.073486
4518.400879
1797323520.000000
40304516.000000
-55102648.000000
4100564.500000
-7702.437500
-272.396820
144037.312500
500055.843750
35601880.000000
129.795029
14369221.000000
-14521.096680
76439.156250
-9519640.000000
-13194.168945
777577.312500
80.013077
-133590.718750
-308.360168
14670951.000000
370.929535
-1185.283813
-298.774384
42262000.000000
2959379.500000
44013476.000000
-2344.428467
-229.325378
-28346.943359
-254117984.000000
-3327918.750000
-1835449856.000000
21.737324
-37447804.000000
-29279714.000000
520354.375000
85439648.000000
-518000416.000000
26991.710938
39401288.000000
-57318.207031
375.574249
-5958182.000000
-107092208.000000
-2078.994385
-112.375610
-29.385502
935.640137
3096019.000000
-1278.344360
10.065676
3642.966309
313329184.000000
-16706924.000000
-1286572416.000000
-7724.663086
-1463726336.000000
407800768.000000
8914.645508
-14340.952148
-5604039.500000
18242.537109
-47317972.000000
1587.947266
-13.677915
-2647890.750000
3960.958984
-33.928421
-269.064667
1748256128.000000
-5362.628418
47652.507812
716.175781
-3180641.750000
-44078.511719
508821.187500
546103552.000000
-42481.339844
41069.304688
2031.198853
-2575532.000000
-59.833012
269466.218750
1716897.500000
-24692932.000000
77.933914
330886.250000
-51.214321
-730589376.000000
-414.088348
-885.724365
-32925376.000000
82329664.000000
-37588956.000000
644255296.000000
-12.715024
-180395088.000000
886703680.000000
-62422504.000000
36129.328125
-814510912.000000
-202.931503
129.181839
13291437.000000
-456.644073
-1232160512.000000
1989108736.000000
-65.596832
779.587280
74.597427
12.208491
4185.800781
130859520.000000
-30484.460938
256214384.000000
-158.407227
846744.000000
2515241.750000
-227306560.000000
-65.678596
468.997284
-195.562637
5570.657715
42150692.000000
-453635392.000000
115636896.000000
-311945.062500
2324.221680
4083023.000000
78717784.000000
-2915272.750000
583.713074
2079.486816
-272937952.000000
-37595960.000000
-69959.601562
191.720978
-58.067116
22.597023
-1157.320190
24.871464
10.511639
2306.536621
335.550507
-39.679512
-112.967834
18916084.000000
-3016436.000000
-430.035553
-113775.820312
1713.449463
3335.786621
-119615.054688
95.865685
724922496.000000
709677376.000000
-11.518238
-3308.170410
11408.375000
21.900103
252075.468750
24.251728
-2590.304443
-895734.500000
3491540.500000
22.957203
-43340868.000000
564666.937500
-163952.359375
-1769829.125000
-401818784.000000
147.259384
-111.929268
-956065.687500
1156.160156
-26671918.000000
26782060.000000
6153878.000000
-468493248.000000
542.210815
26.252769
69.751068
-214388560.000000
-3731.348877
-321105568.000000
-8007242.000000
-6904.231445
814802.500000
11.879041
28.521881
-698.790710
-260117952.000000
-365857.062500
1376.564331
-446623104.000000
-749.109253
98314136.000000
1802.387329
14429.767578
-1061.889404
439969.312500
-324.365234
-275.998535
-298325.312500
-2948926.500000
24200174.000000
137914.796875
-3983274.500000
-289.885895
26084.255859
462500.312500
-45520192.000000
556705.687500
-6422.534668
-85917120.000000
58500.605469
-470.389771
18.934444
-225204.437500
-4060.643311
-121532.367188
19.159121
20917.091797
242.150269
2217438.000000
-138.684006
-22515.839844
-103.026497
138792.203125
24739738.000000
-373.896393
-92997.820312
574.955261
-1278992896.000000
3295027.250000
-681829.687500
79820096.000000
-15336.143555
-36703420.000000
937565952.000000
-43.586422
2602.079102
-661424960.000000
2742951.500000
38058.113281
-153907.968750
-454.468536
1078539.250000
-2105793792.000000
12871.084961
-1817058304.000000
-43.643753
-65261640.000000
-94035.195312
1197232.625000
-16863886.000000
-2181675.000000
